roughness = 0.518000
metalness = 1.000000
