roughness = 0.548000
metalness = 1.000000
