roughness = 0.449000
metalness = 1.000000
