roughness = 0.348000
metalness = 1.000000
