roughness = 0.317000
metalness = 1.000000
