roughness = 0.259000
metalness = 1.000000
