roughness = 0.463000
metalness = 1.000000
