roughness = 0.580000
metalness = 1.000000
