roughness = 0.458000
metalness = 1.000000
