roughness = 0.320000
metalness = 1.000000
