roughness = 0.424000
metalness = 1.000000
