roughness = 0.529000
metalness = 1.000000
