roughness = 0.420000
metalness = 1.000000
