roughness = 0.440000
metalness = 1.000000
