roughness = 0.369000
metalness = 1.000000
