roughness = 0.470000
metalness = 1.000000
