roughness = 0.436000
metalness = 1.000000
