roughness = 0.475000
metalness = 1.000000
